

1,c,MESU4,5600,5510,5588.75,5452,5600,5432,5629.75,5432,5721.25,5542
1,C,MESU4,5629.75,5432.5,5721.25,5542,5721.25,5432.5,5721.25,5542,5588,5267.75
 
1,c,MNQU4,19673.8,19155.2,19516,18861.2,19673.8,18726.8,20085,18726.8,20797,19654
1,C,MNQU4,20084.8,18883.2,20797,19654,20983.8,18883.2,20983.8,19726,20371,18486
 
 
1,c,MYMU4,41304,40500,41425,40752,41425,40500,41425,40052,40006,40886
1,C,MYMU4,40995,40053,41672,40338,41672,40053,41672,40053,40625,39529
 
 
1,c,MCLU4,78.76,76.29,78.65,75.17,78.76,74.6,78.6, 74.6, 82.29 , 76.03
1,C,MCLU4,78.41,78.41,0,0,78.41,78.41,78.41,78.41,0,0
 
1,c,MBTQ4,65415,62625,67355,65000,70825,62625,70825,64080,69425,64000
1,C,MBTQ4,69425,64080,68445,61500,69425,54290,69425,54290,73800,68430
 
1,c,MGCZ4,2506.7,2473.9,2496.6,2449.2,2506.7,2398.2,2481,2398.2,2537,2432
1,C,MGCZ4,2481,2398,2537.4,2443,2537.4,2398,2537.4,2398,2452,2350